,Neuron,Glia,Immune,Epithelial
SPOT_0000,0.32263923881030176,0.3411794659321444,0.10469845101254668,0.2314828442450072
SPOT_0001,0.29067922206105073,0.2554538938873661,0.2786801409866343,0.17518674306494877
SPOT_0002,0.25026950031787454,0.24411951058450113,0.2560162457281628,0.2495947433694616
SPOT_0003,0.2755582372810772,0.2875953359132296,0.2579232505626422,0.17892317624305104
SPOT_0004,0.4160512798441482,0.14598698743683863,0.13503214620365472,0.3029295865153585
SPOT_0005,0.28135667064121017,0.2789588334280943,0.27151087765309706,0.16817361827759858
SPOT_0006,0.149328658850287,0.4253356705748565,0.13800350586228474,0.2873321647125718
SPOT_0007,0.2864195916134483,0.2659227267159123,0.16713375693558433,0.28052392473505505
SPOT_0008,0.28239461873906224,0.1798848961122749,0.2730989330675285,0.2646215520811343
SPOT_0009,0.24022007687056343,0.24445806752977922,0.26064860261928136,0.254673252980376
SPOT_0010,0.0,0.1860557229843536,0.48061123269896167,0.3333330443166847
SPOT_0011,0.2726738047804049,0.2726754753287834,0.19409481120864133,0.2605559086821703
SPOT_0012,0.25936275299146916,0.2504433226075873,0.23975060179335628,0.2504433226075873
SPOT_0013,0.25,0.25,0.25,0.25
SPOT_0014,0.11670350406067048,0.2227200947775588,0.3211528023235415,0.3394235988382292
SPOT_0015,0.20969438479838626,0.28390483564030616,0.20634086275640381,0.30005991680490374
SPOT_0016,0.27411406511883046,0.2686727287628271,0.18547611128494673,0.2717370948333956
SPOT_0017,0.29641288241946917,0.19605336486439437,0.20990805911471302,0.2976256936014233
SPOT_0018,0.2363122544488149,0.21799146944280084,0.21799146944280084,0.32770480666558327
SPOT_0019,0.271549693838968,0.18103420631673786,0.27892670698876315,0.268489392855531
SPOT_0020,0.332030450739596,0.11197831393065791,0.35085405162184485,0.2051371837079014
SPOT_0021,0.19251586097190712,0.26381631821075147,0.27552882279987456,0.2681389980174669
SPOT_0022,0.22105413831311568,0.32839363310922187,0.22949809026454687,0.22105413831311568
SPOT_0023,0.33628658479435075,0.3274268304112986,0.33628658479435075,0.0
SPOT_0024,0.3777209272757421,0.25425407514887893,0.1291389523253684,0.23888604525001061
SPOT_0025,0.24496462161069774,0.2510863133925851,0.24713787318232977,0.2568111918143873
SPOT_0026,0.25368689055139804,0.25096033266516526,0.23398021186349796,0.2613725649199387
SPOT_0027,0.24357122298629852,0.25696187615658056,0.25470102486122886,0.24476587599589217
SPOT_0028,0.2504214313408282,0.26038587781224026,0.2348475230104523,0.25434516783647915
SPOT_0029,0.37163611000852526,0.12062266006331922,0.13039078988188685,0.37735044004626866
SPOT_0030,0.24799893627864864,0.23698844423647017,0.26412998202268667,0.2508826374621944
SPOT_0031,0.21668802542600862,0.3994687392352225,0.0,0.3838432353387688
SPOT_0032,0.2202510415363535,0.3898744792318232,0.3898744792318232,0.0
SPOT_0033,0.18301415907254592,0.2708452028042531,0.28290588776166986,0.26323475036153104
SPOT_0034,0.2505839715292277,0.25343028494810943,0.24941626314986354,0.2465694803727994
SPOT_0035,0.2622715143329667,0.23913515580557132,0.24987219770834984,0.24872113215311226
SPOT_0036,0.34276132343801224,0.16105113870493945,0.16105113870493945,0.3351363991521088
SPOT_0037,0.24430733160824913,0.25910224839528057,0.24147704331925318,0.2551133766772171
SPOT_0038,0.1840245728681977,0.27651830080686796,0.27244213417330493,0.26701499215162944
SPOT_0039,0.25823345438116907,0.2417670373602328,0.24459630295000773,0.2554032053085904
SPOT_0040,0.21283981211492523,0.0,0.5903701409138061,0.1967900469712687
SPOT_0041,0.32889965315119124,0.3422006936976175,0.16444982657559562,0.16444982657559562
SPOT_0042,0.2619060475206495,0.19536401654802743,0.2881429670436213,0.25458696888770166
SPOT_0043,0.29878283107387144,0.19575934128122613,0.31453009936867105,0.19092772827623128
SPOT_0044,0.0,0.3263771141820973,0.3263771141820973,0.34724577163580544
SPOT_0045,0.2716963351274617,0.283595387051588,0.18802544229794577,0.2566828355230045
SPOT_0046,0.2426224783791993,0.25340030994379453,0.2533992850759274,0.2505779266010787
SPOT_0047,0.25266944730041074,0.24356844579734976,0.2533091367155941,0.2504529701866454
SPOT_0048,0.25340352553176737,0.236157885843926,0.2637073528739611,0.2467312357503455
SPOT_0049,0.28458569280858526,0.2891450970885544,0.13358597270019254,0.29268323740266783
SPOT_0050,0.27025476037822016,0.2799203885024957,0.27453096614637656,0.17529388497290754
SPOT_0051,0.2655679919138739,0.2700560250589649,0.2898876784819495,0.1744883045452117
SPOT_0052,0.2532341514394307,0.24323141940398402,0.25737000253588166,0.24616442662070367
SPOT_0053,0.22929248576589464,0.21760070813566582,0.3406795817046814,0.2124272243937581
SPOT_0054,0.3257416504568517,0.23459000542427172,0.21716168469091937,0.2225066594279572
SPOT_0055,0.28744386102485775,0.2072214127695427,0.20981975570512307,0.2955149705004765
SPOT_0056,0.19864335008635567,0.21498819329414365,0.2867078997922658,0.29966055682723497
SPOT_0057,0.2551680540615674,0.25230853987535745,0.25113756174490937,0.2413858443181658
SPOT_0058,0.3366664552651759,0.34021409612279846,0.0,0.3231194486120257
SPOT_0059,0.25101225730983534,0.2412556312315775,0.37734766976454054,0.1303844416940466
SPOT_0060,0.16666666666666669,0.16666666666666669,0.33333333333333337,0.33333333333333337
SPOT_0061,0.19204235496663263,0.29303536488285914,0.31157928500041254,0.20334299515009568
SPOT_0062,0.24038561685121987,0.252385291475191,0.26397617629968345,0.2432529153739057
SPOT_0063,0.26770773183889085,0.1938209729395299,0.2750718362385275,0.26339945898305167
SPOT_0064,0.28066003721387833,0.2073379072543815,0.301343189849729,0.21065886568201114
SPOT_0065,0.24742287619504885,0.24455455153950023,0.25369022172621186,0.25433235053923897
SPOT_0066,0.2174626485992315,0.34237410967441084,0.22641473435704237,0.21374850736931522
SPOT_0067,0.2409138267584932,0.2494217200562931,0.2548312028751484,0.25483325031006526
SPOT_0068,0.28863498233760243,0.2951705610490598,0.0,0.4161944566133378
SPOT_0069,0.24174733108950247,0.2556847345714139,0.25568423025398734,0.24688370408509636
SPOT_0070,0.22544097459247267,0.26286081450017035,0.25831711743541225,0.2533810934719448
SPOT_0071,0.24524214800763847,0.24524214800763847,0.25475753112934846,0.2547581728553746
SPOT_0072,0.25273198236769795,0.24583865446140227,0.25962278498240016,0.24180657818849938
SPOT_0073,0.29717088016654747,0.20929692943178577,0.30533071393563826,0.18820147646602847
SPOT_0074,0.301847178155591,0.2936171758096355,0.2984322071171526,0.10610343891762089
SPOT_0075,0.2680743502323687,0.27556818054323046,0.18078928868117036,0.27556818054323046
SPOT_0076,0.2441532226725099,0.25100145987166733,0.24699562038499798,0.25784969707082483
SPOT_0077,0.22404762323871827,0.232582016397633,0.21905502277724243,0.32431533758640624
SPOT_0078,0.2957977488563092,0.19131952646211528,0.21233018722037839,0.30055253746119726
SPOT_0079,0.24231947751226926,0.3228607741709906,0.10276001337359275,0.33205973494314744
SPOT_0080,0.2366737121382712,0.25672027626569643,0.25117302183865653,0.25543298975737583
SPOT_0081,0.2691230132388558,0.17941440091219188,0.29740005388550766,0.2540625319634446
SPOT_0082,0.12245869325896208,0.3272487521411209,0.21857087612445786,0.33172167847545914
SPOT_0083,0.23980351051072288,0.32685949737732817,0.21666849605597455,0.21666849605597455
SPOT_0084,0.7316258712467832,0.2683741287532167,0.0,0.0
SPOT_0085,0.20278471123027253,0.31318541301524405,0.29205336456314984,0.19197651119133347
SPOT_0086,0.23145123703482962,0.26093935428618303,0.2620148723198479,0.2455945363591394
SPOT_0087,0.2678225340593592,0.2743975999971732,0.18995733188410835,0.2678225340593592
SPOT_0088,0.27342189290410984,0.2758977603473649,0.17928190663521784,0.2713984401133075
SPOT_0089,0.27747390317656034,0.26886454890521305,0.18354675453728062,0.2701147933809459
SPOT_0090,0.27150690687755785,0.17997094196670635,0.2770152442781778,0.27150690687755785
SPOT_0091,0.2786898930632474,0.27431701050503726,0.27741982564068274,0.16957327079103268
SPOT_0092,0.2647192422400383,0.17648002412503333,0.2821701557132317,0.2766305779216967
SPOT_0093,0.24262751534774796,0.24507928857529945,0.26400398357411864,0.24828921250283403
SPOT_0094,0.2533358870119377,0.19955164891974092,0.28022065935557317,0.26689180471274815
SPOT_0095,0.26785740603830005,0.28777386611950373,0.1923009291873296,0.25206779865486656
SPOT_0096,0.26142695440021974,0.1828461537000059,0.28270111436569784,0.2730257775340766
SPOT_0097,0.2962160002610272,0.30433566318267435,0.20784441388751002,0.1916039226687885
SPOT_0098,0.24682415140515798,0.2497056056956759,0.2497046269409355,0.25376561595823066
SPOT_0099,0.2689505674605635,0.19660974699877584,0.26356848693546703,0.2708711986051936
SPOT_0100,0.24719800411550188,0.24719800411550188,0.2542695059391805,0.2513344858298156
SPOT_0101,0.29024863872462825,0.27512512497252645,0.18030809375120943,0.2543181425516359
SPOT_0102,0.27360216584575237,0.2844023472584032,0.271261196882879,0.17073429001296533
SPOT_0103,0.27371519947270023,0.17464218822166888,0.284529015842651,0.26711359646297983
SPOT_0104,0.2614829408379272,0.25751877662970496,0.24662403199247457,0.23437425053989341
SPOT_0105,0.26148626964816174,0.2614857757374539,0.12280136042982205,0.35422659418456237
SPOT_0106,0.23127126670838777,0.2652650708744251,0.247357632753778,0.2561060296634092
SPOT_0107,0.26457630970179125,0.24893051162856544,0.23979023343252065,0.24670294523712266
SPOT_0108,0.165460864571297,0.330921729142594,0.165460864571297,0.3381565417148119
SPOT_0109,0.20620993262922865,0.20620993262922865,0.19068510105615694,0.39689503368538565
SPOT_0110,0.26871105454895766,0.27375918279451744,0.2706684543433391,0.18686130831318581
SPOT_0111,0.4031263822519449,0.20937914675583483,0.0,0.3874944709922203
SPOT_0112,0.26066494708809973,0.2705828301199669,0.2855863450328074,0.1831658777591259
SPOT_0113,0.24137099525604944,0.24539495434679426,0.2591523363470806,0.25408171405007574
SPOT_0114,0.26647502383871463,0.2395181729437681,0.24355321964347454,0.2504535835740427
SPOT_0115,0.26154288134367365,0.23869489327478288,0.2543330910243658,0.24542913435717784
SPOT_0116,0.17657927097737855,0.2573036505720428,0.27243752314647196,0.29367955530410683
SPOT_0117,0.33704840779102074,0.22415894402963166,0.214633704149716,0.22415894402963166
SPOT_0118,0.18998443245432972,0.2170263741174276,0.3029450964447036,0.29004409698353906
SPOT_0119,0.2821081488917548,0.1809636366477447,0.2678278976048927,0.26910031685560765
SPOT_0120,0.25725254851172996,0.2612441887934422,0.22776227116810907,0.25374099152671875
SPOT_0121,0.2660276839924512,0.25876378503710384,0.2478919498218497,0.2273165811485952
SPOT_0122,0.3350560923549514,0.2216479692150162,0.21647969215016208,0.22681624627987032
SPOT_0123,0.2352577813460961,0.320452434767915,0.22214489194299444,0.22214489194299444
SPOT_0124,0.40860481030813905,0.38385230243850915,0.0,0.2075428872533517
SPOT_0125,0.18024447708285826,0.274694692540765,0.2703661378356117,0.274694692540765
SPOT_0126,0.20560244660455818,0.28975279137399507,0.19494307008475817,0.30970169193668873
SPOT_0127,0.2615767945217771,0.25756642475173236,0.23700102621932664,0.24385575450716385
SPOT_0128,0.30248310462561345,0.3024818184506702,0.1851039445962059,0.2099311323275105
SPOT_0129,0.2331052015361164,0.25452732258900157,0.25618373793744104,0.25618373793744104
SPOT_0130,0.28057273773002056,0.4208591065950309,0.2985681556749485,0.0
SPOT_0131,0.16316565509385983,0.32633131018771966,0.16316565509385983,0.3473373796245608
SPOT_0132,0.48970018142351185,0.33079899193222956,0.0,0.17950082664425868
SPOT_0133,0.3304006472445388,0.3391987055109222,0.22319955687445742,0.10720109037008146
SPOT_0134,0.25895051669691016,0.24663048676625976,0.24778850977057026,0.24663048676625976
SPOT_0135,0.2410029533098161,0.23144613172297623,0.3116116568526231,0.21593925811458453
SPOT_0136,0.25627451224089387,0.25627328293421814,0.24227315227377358,0.24517905255111444
SPOT_0137,0.24826495707831167,0.25520512876506496,0.24826495707831167,0.24826495707831162
SPOT_0138,0.1442387096632266,0.3013475766117895,0.27900596285502594,0.275407750869958
SPOT_0139,0.24156499534106274,0.2536886241480713,0.25405083224863834,0.25069554826222773
SPOT_0140,0.2455365403032076,0.2585239124011689,0.24490397727431995,0.2510355700213035
SPOT_0141,0.27725190525383203,0.2729153058304,0.275301890789083,0.17453089812668493
SPOT_0142,0.3311579488607895,0.219045386294506,0.219045386294506,0.23075127855019859
SPOT_0143,0.21123585799216402,0.1865616735541369,0.3011012342268496,0.3011012342268496
SPOT_0144,0.2579670951761766,0.24253809095707848,0.24253809095707848,0.25695672290966654
SPOT_0145,0.3333333333333333,0.3333333333333333,0.160165840193965,0.17316749313936833
SPOT_0146,0.20575122171172622,0.292486854544689,0.2972484562942,0.20451346744938478
SPOT_0147,0.300621544010517,0.20447407672622847,0.29515029704606843,0.19975408221718616
SPOT_0148,0.15610545862476669,0.15153132808425346,0.27914927901352593,0.4132139342774539
SPOT_0149,0.2637757730513567,0.25007862633232486,0.24307280030815923,0.24307280030815923
SPOT_0150,0.25641854991051094,0.24158162799667435,0.249580916367933,0.2524189057248817
SPOT_0151,0.2,0.2,0.2,0.4
SPOT_0152,0.3419522063582466,0.3333333333333333,0.10823815343614003,0.21647630687228006
SPOT_0153,0.3289383381959671,0.34212332360806597,0.3289383381959671,0.0
SPOT_0154,0.24640688641478486,0.24360220712753072,0.2586094486915401,0.2513814577661442
SPOT_0155,0.2633971291585656,0.182574339266732,0.2633971291585656,0.2906314024161369
SPOT_0156,0.336091766800071,0.22307129063442846,0.1166444655962301,0.32419247696927045
SPOT_0157,0.1737327862867949,0.2779074982010746,0.28030776679563846,0.268051948716492
SPOT_0158,0.4808550475651018,0.5191449524348982,0.0,0.0
SPOT_0159,0.18201005400824466,0.2708288919381532,0.2763321621154489,0.2708288919381532
SPOT_0160,0.3085325155770362,0.305186368522852,0.09858524202257837,0.2876958738775333
SPOT_0161,0.26821808985988355,0.26392665728650916,0.18024166984983558,0.28761358300377166
SPOT_0162,0.26436490632737486,0.27898271349916115,0.19228747384608907,0.26436490632737486
SPOT_0163,0.17789759391166032,0.2529119699007591,0.2733602064415482,0.29583022974603246
SPOT_0164,0.18294165790208008,0.27132373045507696,0.2787632737093524,0.2669713379334904
SPOT_0165,0.2533256762964888,0.2437695181969586,0.25482824027172984,0.24807656523482274
SPOT_0166,0.31609758356930584,0.28663133627427184,0.2914396839379125,0.10583139621850982
SPOT_0167,0.28807361595968467,0.2144627062819858,0.2967441082057789,0.20071956955255066
SPOT_0168,0.18704562191540722,0.275322648739529,0.26664693665019956,0.27098479269486425
SPOT_0169,0.2718475334417554,0.25703539991578217,0.19060378099881414,0.2805132856436483
SPOT_0170,0.24217700917595636,0.2464800980839556,0.2556717127811419,0.25567117995894617
SPOT_0171,0.33765427092879,0.16234572907121003,0.33765427092879,0.16234572907121003
SPOT_0172,0.2520216453906397,0.2418966391077666,0.25161560754131984,0.25446610796027397
SPOT_0173,0.27404451128133567,0.28128932332868173,0.17786646615599305,0.2667996992339896
SPOT_0174,0.2689592827043282,0.2705941987941649,0.19453711531184154,0.26590940318966544
SPOT_0175,0.32574298557674575,0.3345519069833433,0.23112411224766238,0.10858099519224858
SPOT_0176,0.18555116355823342,0.2068819573113616,0.2955316383612617,0.31203524076914324
SPOT_0177,0.27024831069915717,0.1965060016943459,0.2702479472598613,0.2629977403466356
SPOT_0178,0.24957398478956105,0.2524589566445673,0.23449266744714325,0.26347439111872833
SPOT_0179,0.5190923263562601,0.0,0.1687878281707665,0.31211984547297333
SPOT_0180,0.0,0.20942384102791672,0.3874348786294443,0.40314128034263885
SPOT_0181,0.21790258531199755,0.29528928573295676,0.19638772915689362,0.29042039979815215
SPOT_0182,0.25209593360458793,0.2657359843416071,0.24307917803434845,0.23908890401945643
SPOT_0183,0.29901317821029216,0.297785693956567,0.210971822678972,0.1922293051541689
SPOT_0184,0.17532551908242477,0.4870117213763629,0.1623372404587876,0.17532551908242477
SPOT_0185,0.2932121357718125,0.20027874732371928,0.19547630870156493,0.3110328082029034
SPOT_0186,0.2502867738201575,0.23461081807268935,0.26876503204526114,0.24633737606189188
SPOT_0187,0.2827339772593574,0.2624515576333908,0.2803490017798122,0.17446546332743976
SPOT_0188,0.3366251018436852,0.3267497963126295,0.217833197541753,0.11879190430193223
SPOT_0189,0.22852985401786025,0.22988375704040945,0.31826527917178343,0.22332110976994687
SPOT_0190,0.30284118766598805,0.20141192055557802,0.30284118766598805,0.1929057041124459
SPOT_0191,0.24731281815980752,0.2444196553425495,0.2571643862615654,0.2511031402360776
SPOT_0192,0.25045066113566,0.2464332886031332,0.25447094659969355,0.2486451036615132
SPOT_0193,0.24758343590376194,0.24642292054902937,0.25441444527864093,0.2515791982685677
SPOT_0194,0.19217826709726546,0.29238063229650063,0.31845151310744296,0.196989587498791
SPOT_0195,0.20942384102791675,0.38743487862944437,0.19371743931472218,0.20942384102791675
SPOT_0196,0.23361532935146365,0.2599420508554945,0.2529119228873596,0.2535306969056823
SPOT_0197,0.18088631085968881,0.266581287812537,0.2756558021163251,0.27687659921144897
SPOT_0198,0.2994868991420182,0.30550908084720935,0.19580613200202782,0.1991978880087447
SPOT_0199,0.24014770200477,0.2646973834493969,0.25500721254106307,0.24014770200477
SPOT_0200,0.20176944562029198,0.20437564151896817,0.3033418225946994,0.29051309026604044
SPOT_0201,0.2649647795699876,0.28318190740411253,0.27563776700904663,0.17621554601685316
SPOT_0202,0.2239185121860067,0.23849172459639442,0.3320605176508422,0.2055292455667567
SPOT_0203,0.24876560732330652,0.28835949126546,0.27315608900884525,0.18971881240238833
SPOT_0204,0.24630749266599217,0.2614918122918406,0.2481480081929315,0.24405268684923556
SPOT_0205,0.23179860991148318,0.33166849499768675,0.11340204745227177,0.3231308476385583
SPOT_0206,0.24182110920233907,0.2615774327265148,0.24579601374624452,0.2508054443249016
SPOT_0207,0.3376642032692324,0.22095728314361368,0.21803828266253106,0.22334023092462282
SPOT_0208,0.33151957025928425,0.23651165463452817,0.10430764496201471,0.3276611301441729
SPOT_0209,0.24500731795775874,0.24500731795775874,0.25499268204224124,0.25499268204224124
SPOT_0210,0.28297327263415467,0.1814459409025777,0.25812144972845125,0.2774593367348164
SPOT_0211,0.25760133113126443,0.24277706339557162,0.25180908708836924,0.2478125183847948
SPOT_0212,0.2398632648408996,0.2549962054449055,0.25605686193108645,0.24908366778310864
SPOT_0213,0.2904053551705063,0.2145532811394888,0.30143859546931284,0.19360276822069208
SPOT_0214,0.268248415652952,0.25623042323952044,0.24121905171398877,0.23430210939353888
SPOT_0215,0.25103394810078716,0.37156799095891996,0.2410680857162656,0.13632997522402715
SPOT_0216,0.14917998311745806,0.2983599662349161,0.4143450379857193,0.13811501266190646
SPOT_0217,0.2762409501643958,0.2860598365589714,0.180656675247268,0.2570425380293649
SPOT_0218,0.18658670969006816,0.2736811759729947,0.2660533545028217,0.27367875983411544
SPOT_0219,0.28511804591352347,0.2581143182785407,0.285118523146489,0.17164911266144678
SPOT_0220,0.2519082220605356,0.2534301624789462,0.25074829651186764,0.24391331894865062
SPOT_0221,0.2018002295852653,0.19699030346530366,0.2882651290055211,0.31294433794391
SPOT_0222,0.27846103271847517,0.2709658285064628,0.282844192032086,0.16772894674297595
SPOT_0223,0.0,0.21020144447175274,0.18599538009504174,0.6038031754332055
SPOT_0224,0.2583287268675681,0.12916436343378404,0.25428021016196345,0.3582266995366845
SPOT_0225,0.26465845040709884,0.24009326496822814,0.24565235313882933,0.2495959314858436
SPOT_0226,0.17606813903937193,0.2700720947735923,0.28147173851951424,0.2723880276675216
SPOT_0227,0.32891320858231327,0.5066301871265301,0.16445660429115663,0.0
SPOT_0228,0.24890458750710692,0.2588327164818528,0.2394486786096193,0.2528140174014209
SPOT_0229,0.2829885278156844,0.19149050756991412,0.2750608863103036,0.25046007830409783
SPOT_0230,0.2332346697749183,0.26316030435469306,0.24362920963699305,0.25997581623339555
SPOT_0231,0.23230108204352268,0.34241306729450366,0.09834055762293512,0.3269452930390385
SPOT_0232,0.2689400586862608,0.1786936437322943,0.2821827126693207,0.27018358491212424
SPOT_0233,0.29760643523220937,0.30558498445817806,0.19840429015480626,0.19840429015480626
SPOT_0234,0.17949188293539423,0.26988931773439506,0.27755042252954454,0.2730683768006661
SPOT_0235,0.25534136280898434,0.24433599681752974,0.25822241961655046,0.24210022075693538
SPOT_0236,0.20348652514660348,0.3017723698592842,0.3079105209741948,0.18683058401991756
SPOT_0237,0.0,0.3798756198545263,0.24024876029094755,0.3798756198545263
SPOT_0238,0.26675374175802247,0.26675374175802247,0.2797294608904572,0.18676305559349787
SPOT_0239,0.27543135576154415,0.26391757690643713,0.2784467421146263,0.1822043252173924
SPOT_0240,0.1804038768287572,0.25886227612061496,0.2759491079766818,0.2847847390739461
SPOT_0241,0.17956938493325447,0.286060429806803,0.2789423760387392,0.25542780922120323
SPOT_0242,0.2691341404813294,0.2617309753928164,0.280866389740444,0.18826849438541016
SPOT_0243,0.13962071448375443,0.41886214345126327,0.13962071448375443,0.30189642758122787
SPOT_0244,0.18472932089173194,0.298226020264047,0.31118329902604003,0.20586135981818104
SPOT_0245,0.2999666223100825,0.20904277788719347,0.20364306919078348,0.2873475306119406
SPOT_0246,0.24871767069109837,0.2634637683745156,0.24871662683492485,0.23910193409946126
SPOT_0247,0.2522723927263692,0.24830340066838177,0.248304594478603,0.251119612126646
SPOT_0248,0.24512317179671161,0.25037668826209614,0.2522500699705961,0.2522500699705961
SPOT_0249,0.2336246220034855,0.21341621439727243,0.3395429492019697,0.21341621439727243
SPOT_0250,0.23638295544412175,0.20721296503988207,0.3254044427619429,0.23099963675405327
SPOT_0251,0.1335444087585914,0.4401966780026732,0.2670888175171828,0.15917009572155258
SPOT_0252,0.25734307080380675,0.23417346093557262,0.24812231596338258,0.26036115229723816
SPOT_0253,0.2612461413533825,0.2570168351250125,0.23067933690007345,0.2510576866215316
SPOT_0254,0.2965898964911958,0.30670970934193914,0.20401931003083207,0.19268108413603294
SPOT_0255,0.2209189105312892,0.2209189105312892,0.3372432684061324,0.2209189105312892
SPOT_0256,0.2518837542609807,0.2656688932536224,0.23523754942500605,0.24720980306039086
SPOT_0257,0.2743045225965677,0.18142307043039374,0.28914335199436253,0.2551290549786761
SPOT_0258,0.2559298628483892,0.24726037885214988,0.2422006604611751,0.25460909783828584
SPOT_0259,0.2593034632245848,0.12179767452318405,0.2435953490463681,0.3753035132058629
SPOT_0260,0.21721822724224715,0.3338536571888535,0.3338498360349474,0.11507827953395201
SPOT_0261,0.268082589201117,0.25499725580851085,0.24095893931326054,0.23596121567711176
SPOT_0262,0.21699577218718424,0.32210782971626534,0.22596362987931265,0.23493276821723777
SPOT_0263,0.27096241500381935,0.2554886529896776,0.2786986167197718,0.19485031528673127
SPOT_0264,0.1738847810569049,0.27423107253317736,0.2749670210738302,0.2769171253360875
SPOT_0265,0.2523774848304788,0.2523790813564909,0.24172381836019524,0.2535196154528349
SPOT_0266,0.23597049717872776,0.23597049717872776,0.3992200014174934,0.1288390042250511
SPOT_0267,0.3038285159311037,0.18798774317299657,0.21732418564761574,0.29085955524828394
SPOT_0268,0.2514677998063227,0.25657252570476174,0.24454243802541425,0.24741723646350125
SPOT_0269,0.41916476365642064,0.2977131202922249,0.2831221160513545,0.0
SPOT_0270,0.16791605620949077,0.26432495445558635,0.27797050131487155,0.28978848802005125
SPOT_0271,0.19395362882935688,0.31174201396495244,0.3084004105247568,0.18590394668093396
SPOT_0272,0.28999005637973274,0.20534462926057503,0.1957807094671373,0.3088846048925549
SPOT_0273,0.2544605693519479,0.25228855693737146,0.24376420869140297,0.24948666501927777
SPOT_0274,0.20889616362616834,0.3041937392545428,0.30894704944970663,0.17796304766958224
SPOT_0275,0.24985281163399753,0.2455248057663553,0.25628095349939284,0.2483414291002542
SPOT_0276,0.2532881398100957,0.24113370852976404,0.25090327095563014,0.25467488070451
SPOT_0277,0.24354725465995367,0.2523311624593092,0.24615571460720023,0.25796586827353707
SPOT_0278,0.25029348892751385,0.2531569621240297,0.24339127541392525,0.2531582735345311
SPOT_0279,0.24611253795428878,0.25938065826253015,0.2578882095108075,0.23661859427237356
SPOT_0280,0.27766126330306284,0.26629626583442856,0.27766126330306284,0.1783812075594458
SPOT_0281,0.34678675073209436,0.16966929116016127,0.15693733347379155,0.32660662463395285
SPOT_0282,0.25113912782847886,0.2617969404310534,0.24937158044463903,0.23769235129582883
SPOT_0283,0.24141330905724145,0.2633197845714788,0.24423412075687548,0.25103278561440423
SPOT_0284,0.18726081640428668,0.3074542274502694,0.2058277056978863,0.29945725044755755
SPOT_0285,0.13116516926146538,0.3836312369660515,0.12130089844312078,0.3639026953293623
SPOT_0286,0.28379575670365664,0.2945814011951397,0.26670054270407806,0.15492229939712565
SPOT_0287,0.24481249832275953,0.2615284678738207,0.24546589563586618,0.2481931381675535
SPOT_0288,0.25979901905986197,0.37010049047006893,0.2453182406368328,0.12478224983323614
SPOT_0289,0.24494486576161673,0.23990771302131958,0.25757393530801476,0.2575734859090491
SPOT_0290,0.2594510686569834,0.2391445960007123,0.2487227613133552,0.25268157402894903
SPOT_0291,0.3245161493420287,0.21634409956135248,0.22516128355265708,0.23397846754396173
SPOT_0292,0.2718960485194609,0.18065702102096742,0.2644695392618617,0.28297739119771004
SPOT_0293,0.3506734213049263,0.0,0.0,0.6493265786950737
SPOT_0294,0.29841981973316245,0.09129314138693279,0.3092333700418864,0.30105366883801854
SPOT_0295,0.2232653233983183,0.23751144084166126,0.23578001664113352,0.303443219118887
SPOT_0296,0.3024598325978455,0.08909487056141224,0.32012278188701726,0.28832251495372496
SPOT_0297,0.1601846682051417,0.506481998461525,0.1731486651281916,0.1601846682051417
SPOT_0298,0.18906386485791446,0.26723639545206135,0.27031249217095,0.2733872475190741
SPOT_0299,0.3774906360127256,0.2549812720254512,0.1225093639872744,0.2450187279745488
SPOT_0300,0.12373996374992993,0.24747992749985986,0.24747992749985986,0.3813001812503504
SPOT_0301,0.24356985735119968,0.24864235796283948,0.2504523694749021,0.25733541521105874
SPOT_0302,0.2519834611989989,0.2469409369163821,0.2441676427630096,0.2569079591216094
SPOT_0303,0.28000735790888803,0.2680384056157644,0.27872422231384303,0.17323001416150458
SPOT_0304,0.17875376023070239,0.2659391468502432,0.28695739226225914,0.2683497006567953
SPOT_0305,0.2336641677302652,0.24054879748753327,0.2674438799723445,0.25834315480985715
SPOT_0306,0.2390919745047416,0.23909197450474154,0.26669859151371866,0.2551174594767981
SPOT_0307,0.16444187250599543,0.49332561751798626,0.16444187250599543,0.17779063747002283
SPOT_0308,0.25205470562724225,0.2381997115471336,0.26749366040001127,0.24225192242561278
SPOT_0309,0.31477757176706755,0.1852234193774686,0.4999990088554639,0.0
SPOT_0310,0.0,0.6005318558075046,0.0,0.39946814419249554
SPOT_0311,0.22026541939742172,0.229071032109024,0.3303981290961326,0.22026541939742172
SPOT_0312,0.2482864035967769,0.2631586929239003,0.23742358759214882,0.2511313158871741
SPOT_0313,0.24942506076398305,0.24662151843782285,0.2640908962827827,0.23986252451541148
SPOT_0314,0.28550835597324026,0.20871740108770848,0.3018319015950169,0.20394234134403436
SPOT_0315,0.29720958328701585,0.19528914569008057,0.3072107467509443,0.20029052427195929
SPOT_0316,0.33683950792113315,0.3114937408333017,0.0,0.3516667512455651
SPOT_0317,0.3704750656209732,0.2605558907319763,0.12822235785617034,0.24074668579088018
SPOT_0318,0.20786111057096532,0.19959514439825513,0.28800590634267964,0.30453783868809997
SPOT_0319,0.25557161400220574,0.2373981219326962,0.25145865006289236,0.25557161400220574
SPOT_0320,0.24685083669581648,0.23102277800881935,0.26048408368482145,0.2616423016105427
SPOT_0321,0.23693484286475852,0.2616001038364369,0.2526519228205254,0.24881313047827927
SPOT_0322,0.18608931128407513,0.2840874761844704,0.2686587190755786,0.26116449345587583
SPOT_0323,0.2728107961719495,0.2614174637048197,0.18997673431949672,0.27579500580373406
SPOT_0324,0.26820182669546244,0.26389537118583545,0.28960186794809584,0.17830093417060633
SPOT_0325,0.31334185778772383,0.19921587287442616,0.19590856749345287,0.2915337018443972
SPOT_0326,0.23781780920589865,0.25363633839530664,0.24976829328933567,0.2587775591094591
SPOT_0327,0.2534552395181815,0.23786789138180428,0.26016970334301087,0.24850716575700332
SPOT_0328,0.3316648530483089,0.32310853961048003,0.2268141109907585,0.11841249635045266
SPOT_0329,0.19907068967687352,0.3063464113070708,0.3003062665197599,0.19427663249629573
SPOT_0330,0.3413275781111283,0.21437243312758908,0.33001707909387845,0.11428290966740416
SPOT_0331,0.25750949253084415,0.2575089781558647,0.23888880964933232,0.24609271966395888
SPOT_0332,0.20405879732483168,0.19565534034542711,0.3110045803013027,0.2892812820284384
SPOT_0333,0.11254597738765768,0.337637932162973,0.22130472969415668,0.32851136075521264
SPOT_0334,0.20643109231513443,0.33187498119740194,0.11941596389081813,0.3422779625966455
SPOT_0335,0.26043306576220937,0.2769304365634776,0.16577887264480332,0.29685762502950974
SPOT_0336,0.23950886688023448,0.24890103849218867,0.24661364683273518,0.2649764477948416
SPOT_0337,0.2592596280628718,0.1771757144612943,0.2882204963876094,0.2753441610882246
SPOT_0338,0.2723906467973984,0.44403580517921687,0.1361953233986992,0.14737822462468553
SPOT_0339,0.44033074019062163,0.4225555947858448,0.13711366502353356,0.0
SPOT_0340,0.2783125693626282,0.1821900182981881,0.27706878775567007,0.2624286245835136
SPOT_0341,0.19130136126229316,0.3148702305246999,0.2947395444220768,0.19908886379093016
SPOT_0342,0.24201271293214113,0.252662116442243,0.24201177519101114,0.26331339543460486
SPOT_0343,0.28544597667152305,0.30295792298360547,0.13719870011495716,0.2743974002299143
SPOT_0344,0.2781726065084821,0.1849376234113708,0.26624331905256693,0.27064645102758017
SPOT_0345,0.2567599822798517,0.2418108969573338,0.24583968042833745,0.25558944033447706
SPOT_0346,0.2685645617543787,0.27522134603959786,0.268999011498159,0.18721508070786444
SPOT_0347,0.17776423011711318,0.3288943079531548,0.3288943079531548,0.1644471539765774
SPOT_0348,0.5056528075059706,0.2375106576073963,0.256836534886633,0.0
SPOT_0349,0.23270906167049793,0.263891682327296,0.25028812300136843,0.2531111330008376
SPOT_0350,0.2437908974805792,0.26575043807777093,0.23974057089261652,0.25071809354903346
SPOT_0351,0.25103070347519213,0.24397953163304048,0.24690664875057727,0.2580831161411901
SPOT_0352,0.25106706599515705,0.267667215160583,0.24204795319642,0.23921776564784006
SPOT_0353,0.3362900335526641,0.10913997763155724,0.21827995526311447,0.3362900335526641
SPOT_0354,0.1999052061695904,0.19780254548058357,0.3000947938304096,0.30219745451941643
SPOT_0355,0.17169154441206394,0.2751568196379152,0.27657581797501046,0.27657581797501046
SPOT_0356,0.3222959732286642,0.3407689495630245,0.1135892079967565,0.22334586921155478
SPOT_0357,0.17291940417473597,0.27794576921733527,0.26373750576425514,0.28539732084367353
SPOT_0358,0.2859727873556323,0.25714408731441135,0.1837269492491711,0.27315617608078524
SPOT_0359,0.28131583862577747,0.26042640483003443,0.27223935518113557,0.1860184013630524
SPOT_0360,0.19369929704431962,0.6126014059113608,0.19369929704431962,0.0
SPOT_0361,0.17508298685557613,0.2642104600045271,0.2673841312567004,0.2933224218831964
SPOT_0362,0.34217511502721737,0.2163277010929662,0.2163277010929662,0.22516948278685026
SPOT_0363,0.2924622658902089,0.3069644550839777,0.19844525164063956,0.20212802738517388
SPOT_0364,0.23987100909775594,0.2604159648721228,0.25486860145598617,0.24484442457413505
SPOT_0365,0.15151811625754932,0.2901626500958267,0.4132379085987106,0.14508132504791335
SPOT_0366,0.2765955406754481,0.2734735379212743,0.18085217538110004,0.26907874602217763
SPOT_0367,0.20183833338412357,0.20183833338412357,0.30467476188625464,0.29164857134549804
SPOT_0368,0.16227060980453584,0.4868118294136075,0.0,0.35091756078185665
SPOT_0369,0.19679553616267265,0.4096133915119821,0.19679553616267265,0.19679553616267265
SPOT_0370,0.31889407766879635,0.2887423880261202,0.18981855021424493,0.20254498409083846
SPOT_0371,0.18514601403136532,0.26811104377243006,0.2711968154820092,0.2755461267141954
SPOT_0372,0.49353334163872076,0.3333333333333333,0.0,0.17313332502794587
SPOT_0373,0.19692474191513543,0.31554332892897285,0.1855181058808701,0.3020138232750215
SPOT_0374,0.1783273077892627,0.28493980602894886,0.2683669912738195,0.26836589490796897
SPOT_0375,0.2343756127962591,0.25943017814662334,0.25170563802698187,0.25448857103013556
SPOT_0376,0.2791119565472939,0.24781958704811563,0.2853421338510316,0.18772632255355892
SPOT_0377,0.1937247977374024,0.5968623988687012,0.2094128033938964,0.0
SPOT_0378,0.21858766458995266,0.30784596088165916,0.27798696331298656,0.19557941121540157
SPOT_0379,0.21059023127267174,0.20652449395773284,0.2806196067921018,0.3022656679774936
SPOT_0380,0.3002048095982158,0.28344841724194914,0.21062354870259167,0.20572322445724325
SPOT_0381,0.24196449653144447,0.248750302157631,0.2555349309872121,0.2537502703237124
SPOT_0382,0.262937042089191,0.24453874628055056,0.24626210581512917,0.24626210581512917
SPOT_0383,0.24228739181344586,0.23257050911846977,0.25823496684991404,0.2669071322181703
SPOT_0384,0.24175895982515017,0.24581441349172656,0.2666122131913967,0.24581441349172656
SPOT_0385,0.3023436699947822,0.20362749011002435,0.19326365639942375,0.30076518349576975
SPOT_0386,0.2504085132021167,0.2600205601010814,0.25439751024736557,0.23517341644943626
SPOT_0387,0.3242371881921695,0.3424298972317285,0.0,0.33333291457610204
SPOT_0388,0.24388903871149542,0.24790308977292885,0.2671670353799698,0.24104083613560598
SPOT_0389,0.26640189158534716,0.27077457290951706,0.1790582724273287,0.2837652630778072
SPOT_0390,0.2466111557125178,0.25259484804827026,0.26351798341690236,0.23727601282230973
SPOT_0391,0.34223363755819264,0.2164477825014184,0.11243539871948523,0.3288831812209036
SPOT_0392,0.21450651152531844,0.3304399418219944,0.22318668605933523,0.23186686059335196
SPOT_0393,0.18451854919231564,0.2905518571794452,0.25165316461913884,0.27327642900910026
SPOT_0394,0.0,0.33083327473885354,0.3383334505222929,0.33083327473885354
SPOT_0395,0.25981390828326967,0.2475480719505145,0.24357846801680183,0.2490595517494141
SPOT_0396,0.24776314994294513,0.24099871376136148,0.2567085595243421,0.25452957677135135
SPOT_0397,0.0,0.53400401050678,0.0,0.46599598949322
SPOT_0398,0.25368500427397994,0.25201299233903474,0.2427571835712369,0.25154481981574844
SPOT_0399,0.24717280867455022,0.24996985188802387,0.2450031609095233,0.2578541785279027
SPOT_0400,0.24945993521900922,0.23883602531336887,0.24667861266155114,0.26502542680607083
SPOT_0401,0.2400855308113021,0.2517828052969039,0.25634885859489015,0.2517828052969039
SPOT_0402,0.24999981519016434,0.26362856542442525,0.24601336115594533,0.240358258229465
SPOT_0403,0.19784600192545082,0.2862428429061353,0.19784600192545082,0.31806515324296314
SPOT_0404,0.30560405852383404,0.20604917730313946,0.19666932325550734,0.29167744091751924
SPOT_0405,0.3170249029463666,0.19801298926838112,0.19192961494057195,0.29303249284468036
SPOT_0406,0.33081715724607014,0.15895682382268758,0.15895682382268758,0.35126919510855464
SPOT_0407,0.24035258245690647,0.31824100848398684,0.10129644137691976,0.34010996768218693
SPOT_0408,0.2666164530285238,0.23808726464069666,0.24764888044250596,0.2476474018882735
SPOT_0409,0.19037084281924008,0.26697894236997566,0.27875582445758956,0.26389439035319473
SPOT_0410,0.33406036289714225,0.16969237630559453,0.15686250818607422,0.33938475261118906
SPOT_0411,0.284075325049317,0.28645510124687174,0.18040537925620645,0.24906419444760486
SPOT_0412,0.24687987327648617,0.25652888786736194,0.26051754339265526,0.23607369546349669
SPOT_0413,0.16469655079836598,0.2779264919861909,0.287340528008218,0.27003642920722504
SPOT_0414,0.24929206258361916,0.24929083653783257,0.25895358166395577,0.24246351921459244
SPOT_0415,0.24360467987080592,0.2612156544638085,0.25440299607823963,0.24077666958714597
SPOT_0416,0.3305128896138397,0.34830584792141944,0.11328050968638734,0.20790075277835354
SPOT_0417,0.3462973302563832,0.33333333333333337,0.1601846682051417,0.1601846682051417
SPOT_0418,0.2968498941739269,0.26296972916583566,0.25983894630313864,0.18034143035709876
SPOT_0419,0.2511622192029153,0.26709599542332324,0.23743994422167014,0.24430184115209136
SPOT_0420,0.27730241276382706,0.28332559727091533,0.2698441463312503,0.16952784363400744
SPOT_0421,0.26154321848593665,0.18698011753353114,0.26516348101307513,0.2863131829674571
SPOT_0422,0.3633477038526238,0.0,0.3689574257553191,0.267694870392057
SPOT_0423,0.31617173774161056,0.0,0.3676565245167789,0.31617173774161056
SPOT_0424,0.19801033115211739,0.31121495842599284,0.2842621443529646,0.20651256606892504
SPOT_0425,0.18384097601344676,0.26463264156489685,0.27576319121082815,0.27576319121082815
SPOT_0426,0.24250076808128418,0.26006388141357784,0.24532013150009638,0.2521152190050417
SPOT_0427,0.26948226244575796,0.2444707352130797,0.248551951570028,0.23749505077113453
SPOT_0428,0.13354961149260056,0.24617987226542004,0.36444967859057276,0.2558208376514067
SPOT_0429,0.33040496978965905,0.3496561707833912,0.21925579239352933,0.10068306703342036
SPOT_0430,0.2559225021279201,0.24204902471367296,0.24204902471367296,0.25997944844473414
SPOT_0431,0.2418984173468072,0.2418984173468072,0.2595160708809159,0.2566870944254698
SPOT_0432,0.30374296073723095,0.2911582324981896,0.20944592925354114,0.19565287751103821
SPOT_0433,0.3219995277456027,0.3351528801021266,0.18184782827946935,0.16099976387280135
SPOT_0434,0.18351126359474426,0.27216291213508526,0.27216291213508526,0.27216291213508526
SPOT_0435,0.27741369771142615,0.31945714187768093,0.20800991115212072,0.19511924925877216
SPOT_0436,0.24601396271267698,0.25,0.253986037287323,0.25
SPOT_0437,0.1897869053635639,0.2619969691830624,0.2670298367401992,0.28118628871317447
SPOT_0438,0.29115233246462885,0.22218609960550142,0.19066595224866625,0.29599561568120336
SPOT_0439,0.2886793531539888,0.2953143071972458,0.13866877988292184,0.2773375597658437
SPOT_0440,0.27780024274187515,0.2675927425022686,0.17980107955414387,0.2748059352017124
SPOT_0441,0.20853689971837713,0.17916821602748947,0.3041587151263321,0.3081361691278013
SPOT_0442,0.3994666761374614,0.19189036329995982,0.0,0.4086429605625788
SPOT_0443,0.34023596383763866,0.3366774679569446,0.1048372901297686,0.21824927807564815
SPOT_0444,0.20487740319522213,0.2884863694485832,0.2069578666421161,0.2996783607140786
SPOT_0445,0.2649832489576476,0.2754672036866463,0.26498166750157276,0.19456787985413343
SPOT_0446,0.2660608761682511,0.2760686427685508,0.27048825381593916,0.18738222724725892
SPOT_0447,0.2717101353512907,0.27977523049443187,0.1857731401725378,0.26274149398173974
SPOT_0448,0.3421844942158166,0.16445387644604587,0.16445387644604587,0.32890775289209173
SPOT_0449,0.11632109011596665,0.37341557220255445,0.24763517263780405,0.2626281650436748
SPOT_0450,0.2772181299309995,0.2802879340752986,0.1696021889463429,0.272891747047359
SPOT_0451,0.2662217622046814,0.2796076450065152,0.1770442487622088,0.27712634402659464
SPOT_0452,0.3027438549271351,0.19410742029685407,0.21504547832184867,0.28810324645416213
SPOT_0453,0.26959487994055326,0.18884610092357113,0.26959627650319845,0.2719627426326771
SPOT_0454,0.21413459027749288,0.3002061572145276,0.2967200351610446,0.18893921734693497
SPOT_0455,0.24015923181022686,0.253478640440865,0.25023485281210445,0.2561272749368037
SPOT_0456,0.32661013926007104,0.15694269705625558,0.3595044666274177,0.15694269705625558
SPOT_0457,0.3096120907208086,0.2933627592418609,0.18969697746040118,0.20732817257692923
SPOT_0458,0.1747872736181529,0.2906422358955777,0.27511352320752025,0.2594569672787491
SPOT_0459,0.2140995273533576,0.34380810184178695,0.3350426071281768,0.1070497636766788
SPOT_0460,0.28595937607859434,0.20403032547181088,0.2113176352674679,0.2986926631821269
SPOT_0461,0.28674051552410124,0.3062891490505159,0.2041006201905677,0.20286971523481523
